# N    Throughput(req/s) Avg_Lat        Med_Lat        P90_Lat        P95_Lat        Max_Lat       
1      9659.13          0.09           0.08           0.09           0.10           15.47         
2      18873.25         0.09           0.08           0.10           0.12           5.42          
4      28914.49         0.13           0.07           0.16           0.30           22.20         
8      28847.76         0.26           0.11           0.30           0.50           45.42         
16     28975.64         0.53           0.19           0.58           0.83           57.75         
32     28572.10         1.09           0.38           1.27           1.82           58.56         
64     28160.08         2.22           0.76           2.77           4.11           67.07         
128    26913.73         4.70           1.63           6.45           17.55          87.94         
200    26174.12         7.58           2.76           13.08          53.77          103.18        
240    28508.13         8.20           2.62           17.86          54.52          97.81         
