# N    Throughput(req/s) Avg_Lat        Med_Lat        P90_Lat        P95_Lat        Max_Lat       
1      2176.64        0.40           0.34           0.59           0.70           20.61           # 4 repeticoes
2      4327.61        0.45           0.38           0.62           0.74           30.66           # 4 repeticoes
4      3768.45        0.97           0.56           1.02           1.24           46.71           # 4 repeticoes
8      5478.24        1.55           0.65           1.60           2.23           82.97           # 4 repeticoes
16     5463.12        2.84           1.08           3.40           5.59           78.66           # 4 repeticoes
24     5743.85        4.51           1.64           6.36           17.23          79.44           # 4 repeticoes
32     5668.89        5.90           2.09           9.86           46.75          127.59          # 4 repeticoes
48     5133.60        9.55           3.19           28.19          55.22          178.28          # 4 repeticoes
64     5789.13        12.23          4.17           50.66          60.05          195.99          # 4 repeticoes
96     4806.60        19.84          7.29           63.05          76.36          291.66          # 4 repeticoes
128    6093.58        23.48          9.97           68.96          80.55          276.23          # 4 repeticoes
160    5591.64        28.45          13.88          76.77          87.73          297.89          # 4 repeticoes
200    5772.28        38.81          21.27          90.40          103.02         353.18          # 4 repeticoes
240    5535.42        42.78          19.62          101.73         121.04         420.44          # 4 repeticoes
