# N    Throughput(req/s) Avg_Lat        Med_Lat        P90_Lat        P95_Lat        Max_Lat       
1      393.53         2.40           2.13           4.05           4.76           20.44           # 4 repeticoes
2      429.46         5.12           3.71           8.80           15.31          50.73           # 4 repeticoes
4      623.12         6.26           4.76           10.01          19.62          54.67           # 4 repeticoes
8      1198.33        7.35           5.61           14.93          22.39          86.70           # 4 repeticoes
16     1877.70        8.93           7.52           14.95          20.97          48.05           # 4 repeticoes
24     2558.70        9.83           7.71           20.62          23.65          48.31           # 4 repeticoes
32     3361.24        10.61          8.54           20.09          24.83          60.73           # 4 repeticoes
48     3555.86        13.34          11.14          23.16          28.76          65.53           # 4 repeticoes
64     3928.83        18.23          13.88          35.56          43.79          106.02          # 4 repeticoes
96     3952.75        24.11          19.14          46.20          56.23          105.30          # 4 repeticoes
128    4216.90        33.87          26.80          65.95          74.88          167.94          # 4 repeticoes
160    3803.61        41.88          35.91          74.93          83.17          140.12          # 4 repeticoes
200    4037.66        55.26          51.81          90.77          99.78          197.89          # 4 repeticoes
240    6091.15        38.64          5.60           115.12         146.94         349.91          # 4 repeticoes
