# N    Throughput(req/s) Avg_Lat        Med_Lat        P90_Lat        P95_Lat        Max_Lat       
1      2139.27          0.40           0.33           0.65           0.80           36.09         
2      4546.01          0.44           0.35           0.59           0.71           43.74         
4      3823.83          0.96           0.54           1.02           1.24           47.45         
8      5746.98          1.45           0.60           1.49           2.12           88.73         
16     5835.11          2.65           1.02           2.93           4.54           90.84         
24     4960.06          4.73           1.64           6.77           22.85          98.45         
32     6036.69          5.85           2.07           9.21           46.89          175.55        
48     5065.39          9.36           3.14           26.47          54.94          148.47        
64     5860.69          11.90          4.22           50.33          59.26          188.21        
96     4772.14          19.97          7.59           63.47          76.24          289.05        
128    5859.79          24.35          10.58          69.90          81.29          286.08        
160    5763.79          27.61          13.81          74.90          84.89          209.53        
200    5589.52          39.68          22.08          92.92          104.70         391.17        
240    5531.96          42.86          22.73          100.89         120.22         442.44        
