# N    Throughput(req/s) Avg_Lat        Med_Lat        P90_Lat        P95_Lat        Max_Lat       
1      2210.18          0.39           0.35           0.59           0.70           4.28          
2      4235.04          0.45           0.38           0.65           0.77           20.26         
4      3553.75          1.03           0.59           1.09           1.33           56.88         
8      5745.48          1.48           0.60           1.56           2.19           69.09         
16     6645.00          2.63           0.98           3.14           5.05           82.58         
24     5753.71          4.07           1.46           5.43           12.60          77.81         
32     5287.61          6.69           2.28           12.78          48.71          106.87        
48     4640.34          10.22          3.42           36.59          55.62          209.14        
64     5667.49          12.60          4.12           51.00          61.13          203.76        
96     4601.34          20.72          7.28           65.34          82.19          294.27        
128    5567.89          25.73          11.00          72.47          85.41          266.37        
160    4859.60          32.71          16.03          83.34          95.42          295.33        
200    5826.70          38.47          20.46          90.45          103.70         416.12        
240    5538.88          42.71          19.22          102.57         121.86         398.44        
