# N    Throughput(req/s) Avg_Lat        Med_Lat        P90_Lat        P95_Lat        Max_Lat       
1      2241.23          0.38           0.34           0.59           0.69           9.78          
2      4208.28          0.48           0.38           0.66           0.80           22.65         
4      3719.52          0.98           0.57           1.03           1.24           44.97         
8      5211.01          1.63           0.69           1.70           2.38           79.14         
16     4819.57          3.21           1.20           4.05           7.08           74.75         
24     5734.00          4.63           1.64           6.63           18.40          79.66         
32     5997.17          5.91           2.11           9.84           45.44          148.31        
48     5375.00          8.83           3.05           22.76          53.07          171.69        
64     6621.34          10.81          3.61           44.58          57.32          180.48        
96     5209.81          18.27          6.28           59.88          72.91          390.85        
128    6327.37          22.62          9.25           67.46          79.77          374.03        
160    5706.76          27.86          13.00          75.88          87.29          300.46        
200    6051.87          37.05          20.26          87.20          99.44          304.93        
240    5320.34          44.62          20.01          103.71         127.63         931.83        
