# N    Throughput(req/s) Avg_Lat        Med_Lat        P90_Lat        P95_Lat        Max_Lat       
1      2143.09          0.40           0.36           0.59           0.70           31.44         
2      4420.18          0.45           0.38           0.60           0.71           38.68         
4      3817.38          0.96           0.55           0.99           1.19           45.97         
8      5195.48          1.64           0.71           1.65           2.28           86.81         
16     5091.13          3.04           1.14           3.65           6.14           70.35         
24     6045.55          4.39           1.64           6.08           16.06          79.22         
32     5340.61          5.89           2.04           9.88           46.60          84.83         
48     5201.81          9.75           3.23           29.91          55.49          184.87        
64     5717.57          12.55          4.36           51.36          60.85          256.37        
96     4841.05          19.70          7.31           62.63          76.49          210.60        
128    6368.17          22.52          9.36           68.02          79.81          260.16        
160    5476.52          29.05          13.94          77.65          88.17          461.22        
200    5717.87          39.16          22.52          90.34          102.34         315.19        
240    6388.02          37.07          14.86          94.51          111.07         324.01        
