# N    Throughput(req/s) Avg_Lat        Med_Lat        P90_Lat        P95_Lat        Max_Lat       
1      472.70           1.99           1.84           3.23           3.66           13.59         
2      718.53           3.02           2.81           4.64           5.61           20.37         
4      628.82           6.20           4.43           9.16           23.66          111.84        
8      1207.55          7.32           5.49           12.02          24.20          96.40         
16     1442.42          10.92          7.45           23.54          25.24          36.91         
24     1763.55          13.47          7.68           25.15          28.00          487.21        
32     3294.01          10.84          8.85           19.03          26.78          59.00         
48     3315.92          14.30          11.28          27.30          34.72          111.82        
64     3622.48          19.65          15.15          36.73          44.11          169.84        
96     3346.23          28.47          24.13          53.70          63.22          141.56        
128    4206.98          34.04          26.62          66.28          76.38          202.79        
160    3414.28          46.53          40.68          81.39          91.85          172.15        
200    4180.12          53.44          49.67          89.38          100.50         224.64        
240    5991.13          39.24          5.54           116.17         155.36         445.69        
