# N    Throughput(req/s) Avg_Lat        Med_Lat        P90_Lat        P95_Lat        Max_Lat       
1      400.69           2.36           2.11           3.94           4.62           24.32         
2      369.35           5.98           3.69           12.44          20.13          99.64         
4      602.18           6.48           5.16           11.10          16.85          56.67         
8      1124.79          7.68           5.85           19.27          22.66          64.09         
16     1734.04          9.06           7.59           16.57          22.31          59.19         
24     2675.08          10.00          8.26           18.70          22.19          59.36         
32     3296.72          10.82          8.71           22.14          25.42          72.80         
48     3483.67          13.62          11.24          23.99          30.05          62.54         
64     4068.30          17.62          13.04          38.91          45.76          77.18         
96     3901.20          24.42          19.48          46.29          56.02          101.66        
128    4293.64          33.42          26.85          64.60          72.99          133.10        
160    3970.88          40.03          34.36          72.14          82.47          125.10        
200    3654.46          61.04          53.95          92.11          101.98         1236.88       
240    7286.65          32.33          4.39           100.45         115.04         392.18        
