# N    Throughput(req/s) Avg_Lat        Med_Lat        P90_Lat        P95_Lat        Max_Lat       
1      386.37           2.44           2.16           4.17           4.90           16.56         
2      455.99           4.77           3.72           8.02           11.54          37.14         
4      658.02           5.93           4.27           10.27          20.29          43.10         
8      1418.08          6.21           5.28           9.57           11.69          158.91        
16     2346.29          6.67           5.60           9.46           19.63          28.97         
24     3020.32          8.76           6.96           20.40          23.18          32.20         
32     3995.13          8.87           7.51           14.08          20.88          59.13         
48     4651.97          10.19          7.87           20.79          23.93          63.22         
64     3789.36          18.85          14.72          34.40          43.47          96.35         
96     4004.30          23.80          18.81          46.11          56.45          101.94        
128    4226.81          33.70          26.74          65.62          73.39          111.13        
160    3636.33          43.72          37.46          77.02          83.88          131.18        
200    3895.20          57.08          56.28          92.24          99.06          167.26        
240    6191.16          38.03          5.66           114.07         142.30         297.48        
