# N    Throughput(req/s) Avg_Lat        Med_Lat        P90_Lat        P95_Lat        Max_Lat       
1      255.54           3.74           3.00           4.93           9.72           33.54         
2      402.93           5.47           3.95           9.58           19.09          64.31         
4      617.42           6.32           5.10           9.75           18.95          52.67         
8      1189.11          7.37           5.73           17.84          22.13          77.00         
16     2021.36          8.79           7.59           13.32          19.62          103.51        
24     2442.32          9.66           7.74           20.84          24.12          37.27         
32     3425.76          10.40          8.37           21.15          24.24          62.34         
48     3628.05          13.07          11.05          22.34          27.47          67.84         
64     4585.84          15.58          11.62          29.31          35.32          115.69        
96     4236.55          22.49          17.57          44.47          53.05          108.65        
128    3208.14          43.52          28.22          71.27          82.54          950.10        
160    3980.50          39.92          34.05          72.84          81.19          149.06        
200    4259.36          52.16          47.55          89.43          98.25          171.14        
240    5936.45          39.65          6.51           117.91         151.57         307.64        
