# N    Throughput(req/s) Avg_Lat        Med_Lat        P90_Lat        P95_Lat        Max_Lat       
1      3063.82          0.28           0.25           0.34           0.38           102.59        
2      5863.75          0.30           0.25           0.33           0.38           23.70         
4      5328.47          0.69           0.38           0.64           0.86           66.90         
8      6406.41          1.17           0.47           1.14           1.59           56.73         
16     6432.34          2.41           0.90           2.79           4.30           69.77         
32     6584.92          4.77           1.73           6.98           21.44          78.98         
64     6509.96          9.72           3.86           27.08          55.27          103.48        
128    5732.20          22.17          9.02           67.25          78.54          224.48        
200    5309.31          37.12          18.91          87.57          100.18         398.49        
240    7305.90          32.16          15.75          84.40          96.74          242.51        
